# Various filters measured in 2007 (transmittances %)
Wavelength  rosco226	rosco00	PE	PET	solatrol	luminance	PETPET	PEPE	2rosco00	2rosco226	PEPET	PErosco226	PETrosco226	PETrosco00	2rosco
190	0.6	0.8	3.1	1.1	0.4	-0.1	1.3	0.5	0.5	0.1	1.8	0.2	0.1	1.2	-0.1
191	0.5	0.8	3.2	1	0.2	-0.1	1.4	0.6	0.4	0.2	1.6	0.2	0.1	1	0.1
192	0.2	0.6	3.4	1.1	0.1	0	1.2	0.6	0.3	0.1	1.5	0.1	0.2	0.8	0.3
193	0.1	0.5	4.1	1.5	0.1	0.1	1	0.5	0.4	0.1	1.3	0	0.3	1	0.2
194	0.3	0.6	4.8	1.6	0	0	1	0.5	0.4	0.1	1	0	0.2	1.1	0.2
195	0.2	0.5	5.5	1.2	0	-0.1	1.1	0.6	0.5	0.1	1	0.1	0.3	1	0.3
196	0.1	0.4	6.6	1.1	0	0	1.1	0.8	0.5	0	1	0.1	0.5	0.9	0.2
197	0.1	0.5	7.8	1.1	0.1	0	0.9	1.1	0.5	0.1	1	0.1	0.4	0.9	0.1
198	0.1	0.5	9.4	1.1	0.1	0.1	1	1.4	0.5	0.1	0.9	0.1	0.4	0.9	0.1
199	0.2	0.5	11.7	1.1	0	0.1	0.9	1.8	0.4	0.2	0.9	0.1	0.3	0.9	0.1
200	0.2	0.4	14.4	1.1	0	0	0.9	2.6	0.3	0.1	1	0.1	0.3	0.9	0.1
201	0.2	0.3	17.4	1	0	0	0.8	3.7	0.3	0.1	0.9	0.1	0.3	0.8	0.1
202	0.2	0.3	21	1	0	0	0.8	5.2	0.3	0.1	0.9	0.1	0.3	0.9	0.1
203	0.1	0.3	24.9	1	0	0	0.9	7.1	0.3	0.1	0.9	0.1	0.3	0.9	0.1
204	0.2	0.4	29.2	1	0	0	0.9	9.3	0.2	0.1	0.9	0.1	0.3	0.9	0.1
205	0.2	0.4	33.5	1	0	0	0.9	12	0.3	0.1	0.9	0.1	0.3	0.9	0.1
206	0.2	0.3	38.2	1	0	0	0.9	15.2	0.3	0.1	0.8	0.1	0.2	0.9	0.1
207	0.2	0.3	42.8	1	0	0	0.9	19	0.3	0.1	0.9	0.1	0.2	0.9	0.1
208	0.1	0.3	46.8	1	0	0	0.9	23	0.3	0.1	0.9	0.1	0.3	0.8	0.1
209	0.2	0.3	51.2	1	0	0	0.8	27.2	0.3	0.2	0.9	0.1	0.3	0.8	0.1
210	0.2	0.3	55.1	1	0	0	0.8	31.5	0.3	0.1	0.9	0.1	0.3	0.8	0.1
211	0.2	0.3	58.8	1	0	0	0.8	35.9	0.2	0.1	0.8	0.1	0.2	0.8	0.2
212	0.2	0.3	62.7	0.9	0	0	0.8	40.4	0.2	0.1	0.8	0.1	0.2	0.8	0.2
213	0.2	0.3	66.4	0.9	0	0	0.8	44.6	0.2	0.1	0.8	0.1	0.3	0.8	0.1
214	0.2	0.3	69.4	0.9	0.1	0	0.8	48.6	0.2	0.1	0.8	0.1	0.2	0.7	0.1
215	0.2	0.2	71.8	0.9	0	0	0.8	51.9	0.2	0.1	0.8	0.1	0.2	0.8	0.1
216	0.2	0.2	73.8	0.9	0	0	0.7	54.8	0.2	0.1	0.8	0.1	0.2	0.7	0.1
217	0.2	0.2	75.5	0.9	0	0	0.7	57.4	0.2	0.1	0.8	0.1	0.2	0.7	0.1
218	0.2	0.2	77	0.8	0	0	0.7	59.7	0.2	0.1	0.8	0.1	0.2	0.7	0.1
219	0.2	0.2	78	0.8	0	0	0.7	61.6	0.2	0.1	0.7	0.1	0.2	0.7	0.1
220	0.2	0.2	79	0.8	0.1	0	0.7	63.1	0.1	0.1	0.7	0.1	0.2	0.6	0.1
221	0.1	0.2	79.8	0.8	0.1	0	0.7	64.4	0.1	0.1	0.7	0.1	0.2	0.6	0.1
222	0.1	0.2	80.3	0.7	0.1	0	0.6	65.3	0.1	0.1	0.7	0.1	0.2	0.6	0.1
223	0.1	0.2	80.9	0.7	0	0	0.6	66.1	0.1	0.1	0.7	0.1	0.2	0.6	0.1
224	0.1	0.1	81.3	0.7	0	0	0.6	66.9	0.1	0.1	0.6	0.1	0.2	0.6	0.1
225	0.1	0.1	81.6	0.7	0	0	0.6	67.7	0.1	0.1	0.6	0.1	0.2	0.6	0.1
226	0.1	0.1	81.9	0.7	0	0	0.6	68.1	0.1	0.1	0.6	0.1	0.2	0.6	0.1
227	0.1	0.1	82.2	0.7	0.1	0	0.6	68.4	0.1	0.1	0.6	0.1	0.2	0.6	0.1
228	0.1	0.1	82.4	0.6	0.1	0	0.5	68.7	0.1	0.1	0.6	0.1	0.2	0.5	0.1
229	0.1	0.1	82.4	0.6	0	0.1	0.5	69	0.1	0.1	0.5	0.1	0.1	0.5	0
230	0.1	0.1	82.7	0.6	0	0.1	0.5	69.6	0.1	0.1	0.5	0.1	0.1	0.5	0.1
231	0.1	0.1	83.2	0.6	0	0.1	0.5	70.1	0.1	0.1	0.5	0.1	0.1	0.5	0.1
232	0.1	0.1	83.5	0.6	0	0.1	0.5	70.3	0.1	0.1	0.5	0.1	0.1	0.5	0.1
233	0.1	0.1	83.4	0.6	0	0.1	0.5	70.5	0.1	0.1	0.5	0.1	0.1	0.5	0.1
234	0.1	0.1	83.5	0.5	0.1	0.2	0.5	70.9	0.1	0	0.5	0.1	0.1	0.4	0
235	0.1	0.1	83.7	0.5	0	0.2	0.5	71.1	0.1	0	0.5	0	0.1	0.4	0
236	0.1	0.1	84	0.5	0	0.2	0.4	71.5	0	0	0.4	0	0.1	0.4	0
237	0.1	0.1	84.4	0.5	0	0.2	0.4	72	0	0	0.4	0	0.1	0.4	0
238	0.1	0.1	84.4	0.5	0	0.2	0.4	72.2	0	0	0.4	0	0.1	0.4	0
239	0.1	0.1	84.3	0.5	0	0.2	0.4	72.4	0	0	0.4	0	0.1	0.4	0
240	0.1	0	84.6	0.5	0	0.2	0.4	72.5	0	0	0.4	0	0.1	0.4	0
241	0	0	85	0.5	0	0.2	0.4	72.8	0	0	0.4	0	0.1	0.4	0
242	0	0	85	0.4	0	0.2	0.4	73	0	0	0.4	0	0.1	0.4	0
243	0.1	0	84.9	0.4	0	0.2	0.4	73.2	0	0	0.4	0	0.1	0.4	0
244	0	0.1	85.2	0.4	0	0.2	0.4	73.5	0	0	0.4	0	0.1	0.3	0
245	0	0.1	85.4	0.4	0	0.3	0.3	73.7	0	0	0.4	0	0.1	0.3	0
246	0	0	85.4	0.4	0	0.3	0.3	73.8	0	0	0.4	0	0.1	0.3	0
247	0	0	85.5	0.4	0	0.3	0.3	73.9	0	0	0.3	0	0.1	0.3	0
248	0	0	85.5	0.4	0	0.3	0.3	74.1	0	0	0.3	0	0.1	0.3	0
249	0	0.1	85.6	0.4	0	0.4	0.3	74.3	0	0	0.3	0	0.1	0.3	0
250	0	0.1	85.7	0.4	0	0.5	0.3	74.4	0	0	0.3	0	0.1	0.3	0
251	0	0.1	85.9	0.4	0	0.6	0.3	74.7	0	0	0.3	0	0.1	0.3	0
252	0	0.1	86.1	0.4	0	0.7	0.3	74.9	0	0	0.3	0	0.1	0.3	0
253	0	0.1	86.1	0.4	0	0.8	0.3	74.8	0	0	0.3	0	0.1	0.3	0
254	0	0.1	86.3	0.4	0	1	0.3	74.9	0	0	0.3	0	0.1	0.3	0
255	0	0.1	86.3	0.3	0	1.2	0.3	74.9	0	0	0.3	0	0.1	0.3	0
256	0	0.1	86.3	0.3	0.1	1.5	0.3	75.1	0	0	0.3	0	0.1	0.3	0
257	0	0.1	86.4	0.3	0.1	1.8	0.3	75.3	0	0	0.3	0	0.1	0.3	0
258	0	0.1	86.5	0.3	0.1	2.2	0.3	75.4	0	0	0.3	0	0.1	0.3	0
259	0	0.1	86.5	0.3	0.1	2.6	0.3	75.5	0	0	0.3	0	0.1	0.3	0
260	0	0.1	86.5	0.3	0.1	3	0.3	75.5	0	0	0.3	0	0.1	0.3	0
261	0	0.1	86.5	0.3	0.1	3.4	0.3	75.7	0	0	0.3	0	0.1	0.3	0
262	0	0.1	86.6	0.3	0.1	3.7	0.3	75.8	0	0	0.3	0	0.1	0.3	0
263	0	0.1	86.7	0.3	0.1	3.9	0.3	75.8	0	0	0.3	0	0.1	0.3	0
264	0.1	0.1	86.8	0.4	0.1	4.1	0.3	75.9	0	0	0.3	0	0.1	0.3	0
265	0	0.1	86.9	0.4	0.1	4.1	0.3	76	0	0	0.3	0	0.1	0.3	0
266	0	0.1	86.8	0.4	0.1	4	0.3	76	0	0	0.3	0	0.1	0.3	0
267	0	0.1	86.9	0.4	0.1	3.8	0.3	76	0	0	0.3	0	0.1	0.3	0
268	0.1	0.1	87	0.4	0.1	3.5	0.3	76	0	0	0.3	0	0.1	0.3	0
269	0	0.1	87	0.4	0.1	3.1	0.3	76.2	0	0	0.3	0	0.1	0.3	0
270	0	0.1	86.9	0.4	0	2.7	0.3	76.3	0	0	0.3	0	0.1	0.3	0
271	0.1	0.1	86.9	0.4	0	2.3	0.3	76.2	0	0	0.3	0	0.1	0.3	0
272	0.1	0.1	86.9	0.4	0	1.9	0.3	76.2	0	0	0.3	0	0.1	0.3	0
273	0.1	0.1	86.8	0.4	0	1.6	0.3	76.3	0	0	0.3	0	0.1	0.3	0
274	0.1	0.1	87	0.4	0	1.3	0.3	76.4	0	0	0.3	0	0.1	0.3	0
275	0.1	0.1	87.1	0.4	0	1	0.3	76.6	0.1	0	0.3	0	0.1	0.3	0
276	0.1	0.1	87.1	0.4	0	0.8	0.3	76.6	0.1	0	0.4	0	0.1	0.3	0
277	0.1	0.1	87.2	0.4	0	0.7	0.3	76.6	0.1	0	0.4	0	0.1	0.3	0
278	0.1	0.1	87.1	0.4	0	0.5	0.3	76.5	0.1	0	0.4	0	0.1	0.3	0
279	0.1	0.1	87.1	0.4	0	0.4	0.3	76.6	0.1	0	0.4	0	0.1	0.3	0
280	0.1	0.2	87.2	0.4	0	0.3	0.3	76.7	0.1	0	0.4	0	0.1	0.3	0
281	0.1	0.4	87.1	0.4	0	0.3	0.3	76.6	0.1	0	0.3	0	0.1	0.3	0
282	0.1	0.7	87.2	0.4	0	0.2	0.3	76.6	0.1	0	0.3	0	0.1	0.3	0
283	0.1	1.5	87.3	0.4	0	0.2	0.3	76.7	0.2	0	0.4	0	0.1	0.3	0
284	0.1	2.7	87.4	0.4	0	0.2	0.3	76.8	0.3	0	0.3	0	0.1	0.3	0
285	0.1	4.7	87.4	0.4	0	0.1	0.3	76.9	0.7	0	0.3	0	0.1	0.3	0
286	0.1	7.8	87.4	0.4	0	0.1	0.3	76.8	1.3	0	0.3	0	0.1	0.3	0
287	0.1	11.6	87.3	0.4	0	0.1	0.3	76.8	2.3	0	0.3	0	0.1	0.3	0
288	0.1	16.2	87.2	0.4	0	0.1	0.3	76.8	3.8	0	0.3	0	0.1	0.3	0
289	0.1	21.5	87.3	0.4	0	0.1	0.3	76.7	5.8	0	0.3	0	0.1	0.3	0
290	0	26.8	87.5	0.4	0	0.1	0.3	76.8	8.3	0	0.3	0	0.1	0.3	0
291	0	32	87.4	0.4	0	0.1	0.3	76.9	11.1	0	0.3	0	0.1	0.3	0
292	0	37	87.5	0.4	0	0.1	0.3	76.8	14.3	0	0.3	0	0.1	0.3	0
293	0.1	41.5	87.5	0.3	0	0.1	0.3	76.9	17.5	0	0.3	0	0.1	0.3	0
294	0	45.5	87.5	0.3	0	0.2	0.3	77	20.8	0	0.3	0	0.1	0.3	0
295	0	48.9	87.6	0.3	0	0.2	0.3	77	24	0	0.3	0	0.1	0.3	0
296	0	52	87.5	0.3	0	0.3	0.3	77.1	27	0	0.3	0	0.1	0.3	0
297	0	54.8	87.6	0.3	0	0.3	0.3	77.1	29.9	0	0.3	0	0.1	0.3	0
298	0	57.1	87.7	0.3	0	0.3	0.3	77.2	32.3	0	0.3	0	0.1	0.3	0
299	0	59	87.7	0.3	0	0.4	0.3	77.3	34.6	0	0.3	0	0.1	0.3	0
300	0	60.6	87.6	0.3	0	0.5	0.3	77.4	36.6	0	0.3	0	0.1	0.3	0
301	0	62.2	87.6	0.3	0	0.5	0.3	77.5	38.4	0	0.3	0	0.1	0.3	0
302	0	63.6	87.8	0.3	0	0.6	0.3	77.6	39.9	0	0.3	0	0.1	0.3	0
303	0	64.5	88.1	0.4	0	0.7	0.3	77.7	41.2	0	0.3	0	0.1	0.3	0
304	0	65.2	88	0.4	0	0.7	0.3	77.8	42.2	0	0.3	0	0.1	0.3	0
305	0	65.8	87.9	0.4	0	0.8	0.3	77.8	43.2	0	0.4	0	0.1	0.3	0
306	0.1	66.6	88.1	0.4	0	0.8	0.4	78.2	44.2	0	0.4	0	0.1	0.4	0
307	0.1	67.4	88.3	0.5	0	0.8	0.4	78.5	45.2	0	0.4	0.1	0.1	0.4	0.1
308	0.1	68	88.3	0.5	0	0.9	0.4	78.5	46.1	0	0.5	0.1	0.1	0.4	0.1
309	0.1	68.7	88.1	0.6	0	0.9	0.5	78.4	47	0.1	0.5	0.1	0.1	0.5	0.1
310	0.1	69.5	88.1	0.8	0	0.9	0.6	78.6	48.1	0.1	0.7	0.1	0.1	0.6	0.1
311	0.1	70.4	88.3	1.1	0	0.8	0.7	78.9	49.4	0.1	0.9	0.1	0.2	0.8	0.1
312	0.1	71.1	88.4	1.7	0	0.8	0.8	78.7	50.7	0.1	1.5	0.1	0.2	1.3	0.1
313	0.2	71.9	88.3	3	0	0.8	1.1	78.7	51.8	0.1	2.6	0.1	0.2	2.3	0.1
314	0.2	72.7	88.2	5	0	0.8	1.5	78.7	52.8	0.1	4.3	0.1	0.2	3.7	0.1
315	0.2	73.3	88.3	8.1	0	0.7	2.3	78.7	53.9	0.1	7	0.2	0.2	6	0.2
316	0.2	74	88.2	12.2	0	0.7	3.6	78.6	55	0.1	10.6	0.2	0.3	9.1	0.2
317	0.2	74.7	88.4	17.3	0	0.7	5.4	78.8	55.9	0.2	15.1	0.2	0.3	13.1	0.2
318	0.2	75.3	88.7	23.3	0	0.7	8.1	79	56.8	0.2	20.3	0.2	0.3	17.7	0.2
319	0.2	75.8	88.7	29.8	0	0.7	11.4	79	57.9	0.2	25.9	0.2	0.4	22.6	0.2
320	0.3	76.5	88.6	35.9	0	0.6	15.3	79.1	58.7	0.2	31.5	0.2	0.4	27.5	0.2
321	0.3	77.1	88.9	41.8	0	0.6	19.6	79.3	59.5	0.2	36.8	0.2	0.4	32.4	0.2
322	0.3	77.6	89	47.2	0	0.6	24.1	79.2	60.4	0.2	41.7	0.2	0.4	36.9	0.2
323	0.3	78.2	89	52.1	0	0.6	28.7	79.2	61.3	0.2	46	0.2	0.4	40.9	0.2
324	0.3	78.6	89	56.4	0	0.6	32.9	79.5	62.1	0.2	49.9	0.2	0.4	44.5	0.2
325	0.3	79.2	88.9	59.9	0	0.6	36.9	79.4	62.8	0.2	53.2	0.2	0.4	47.6	0.2
326	0.3	79.7	88.7	63	0	0.6	40.6	79.3	63.6	0.2	55.9	0.2	0.4	50.2	0.2
327	0.3	80.1	88.4	65.7	0	0.6	43.7	79.4	64.4	0.2	58.2	0.2	0.4	52.7	0.2
328	0.3	80.7	88.9	68	0	0.6	46.7	79.4	65.2	0.2	60.3	0.2	0.4	54.9	0.2
329	0.3	81.1	89.1	69.7	0	0.6	49.1	79.4	65.9	0.2	61.9	0.2	0.4	56.7	0.2
330	0.3	81.4	88.8	71.1	0	0.6	51	79.3	66.5	0.2	63.2	0.2	0.4	58.3	0.2
331	0.3	81.8	88.7	72.4	0	0.6	52.7	79.3	67.3	0.2	64.6	0.2	0.3	59.7	0.2
332	0.3	82.2	88.7	73.5	0	0.7	54.4	79.5	68.2	0.2	65.7	0.2	0.3	60.9	0.2
333	0.3	82.6	89	74.6	0	0.7	55.8	79.5	68.9	0.2	66.4	0.2	0.3	61.9	0.2
334	0.3	83	89.1	75.3	0	0.7	56.9	79.6	69.4	0.2	67.1	0.2	0.3	62.6	0.2
335	0.3	83.4	88.9	75.9	0	0.7	58	79.7	69.8	0.2	67.7	0.2	0.3	63.4	0.2
336	0.3	83.6	89.1	76.5	0	0.8	58.9	79.8	70.3	0.2	68.1	0.2	0.3	64.2	0.2
337	0.3	83.9	89.1	76.9	0	0.8	59.8	79.7	70.7	0.2	68.6	0.2	0.3	64.9	0.2
338	0.3	84.2	88.9	77.3	0	0.9	60.6	79.5	71.2	0.2	69	0.2	0.3	65.5	0.2
339	0.3	84.3	89	77.8	0	1	61.3	79.6	71.7	0.2	69.6	0.2	0.3	66.2	0.2
340	0.3	84.4	88.9	78.3	0	1	61.9	79.5	72	0.2	70.1	0.2	0.3	66.7	0.2
341	0.3	84.5	88.9	78.9	0	1.1	62.5	79.4	72.3	0.2	70.3	0.2	0.3	67.2	0.2
342	0.3	84.8	88.9	79.2	0	1.2	63.1	79.6	72.6	0.2	70.5	0.2	0.3	67.6	0.2
343	0.3	85.1	89	79.7	0	1.3	63.7	79.7	72.9	0.2	70.9	0.2	0.3	68	0.2
344	0.3	85.3	89.1	80.4	0	1.5	64.5	79.8	73.3	0.2	71.4	0.2	0.3	68.6	0.2
345	0.3	85.5	89.2	80.9	0	1.7	65.2	80.1	73.7	0.2	72.1	0.2	0.3	69.2	0.2
346	0.2	85.7	89.4	81.3	0	1.8	65.8	80.3	73.8	0.2	72.4	0.2	0.3	69.6	0.2
347	0.2	85.8	89.2	81.7	0	2	66.5	80	74	0.2	72.5	0.2	0.3	70.1	0.2
348	0.2	85.8	88.8	81.8	0	2.3	67.1	79.6	74	0.2	72.8	0.2	0.3	70.5	0.2
349	0.2	85.7	88.6	82	0	2.6	67.6	79.4	74	0.2	73.2	0.2	0.3	70.6	0.2
350	0.2	85.8	88.8	82.3	0	2.9	68.2	79.6	74.4	0.2	73.4	0.2	0.3	71.1	0.2
351	0.2	86.1	89	82.7	0	3.3	69	79.9	74.8	0.2	73.8	0.2	0.3	71.8	0.2
352	0.2	86.4	89.3	83.4	0	3.7	69.6	80.2	75.2	0.2	74.3	0.2	0.3	72.1	0.2
353	0.2	86.5	89.3	83.7	0	4.1	70.1	80.3	75.6	0.2	74.5	0.2	0.3	72.2	0.2
354	0.2	86.3	89.1	83.7	0	4.6	70.4	80	75.5	0.2	74.7	0.2	0.3	72.6	0.2
355	0.2	86.5	88.9	84.1	0.1	5.2	70.9	80.1	75.7	0.1	75.1	0.2	0.3	73.1	0.2
356	0.2	86.7	89.1	84.6	0.1	5.7	71.4	80.2	76	0.1	75.3	0.2	0.2	73.3	0.2
357	0.2	86.9	89.1	84.8	0.1	6.3	71.7	80.1	75.9	0.2	75.5	0.2	0.2	73.5	0.2
358	0.2	87.1	89.2	84.9	0.1	7.1	72.2	80.3	76	0.2	75.9	0.2	0.2	74	0.2
359	0.2	87	89.3	85.2	0.2	7.8	73	80.4	76.2	0.2	76.4	0.2	0.2	74.3	0.2
360	0.2	87	89.3	85.6	0.2	8.6	73.5	80.2	76.2	0.1	76.7	0.2	0.2	74.5	0.2
361	0.2	87.1	89.3	85.8	0.3	9.5	73.8	80	76.3	0.1	76.7	0.2	0.2	74.9	0.2
362	0.2	87.1	89.2	85.8	0.4	10.3	74.2	79.9	76.4	0.1	76.9	0.2	0.2	75	0.2
363	0.2	87.2	89.2	86.2	0.5	11.2	74.7	80	76.5	0.1	77.2	0.1	0.2	75.3	0.2
364	0.2	87.2	89.2	86.6	0.6	12.2	75.2	80	76.7	0.1	77.6	0.1	0.2	75.8	0.1
365	0.2	87.2	89.3	86.8	0.8	13.3	75.7	80.1	76.7	0.1	77.8	0.1	0.2	76.1	0.1
366	0.1	87.3	89.3	87.1	1	14.2	76.1	80.2	76.9	0.1	78.1	0.1	0.2	76.3	0.1
367	0.1	87.4	89.3	87.5	1.2	15.3	76.6	80.2	77	0.1	78.3	0.1	0.2	76.7	0.1
368	0.1	87.4	89.3	87.8	1.5	16.3	77.1	80.1	77	0.1	78.5	0.1	0.2	76.9	0.1
369	0.1	87.3	89.2	87.9	1.8	17.4	77.5	80.1	77.1	0.1	78.7	0.1	0.1	77.1	0.1
370	0.1	87.4	89.2	88.1	2.2	18.5	77.9	80.1	77	0.1	78.9	0.1	0.1	77.4	0.1
371	0.1	87.4	89.2	88.2	2.6	19.6	78.2	80.1	77.1	0.1	79.1	0.1	0.1	77.6	0.1
372	0.1	87.4	89.3	88.4	3.1	20.8	78.6	80.2	77.2	0.1	79.3	0.1	0.1	77.8	0.1
373	0.1	87.5	89.3	88.6	3.6	21.9	78.9	80.2	77.3	0.1	79.4	0.1	0.1	78	0.1
374	0.1	87.6	89.4	88.8	4.1	23.1	79.1	80.2	77.5	0.1	79.7	0.1	0.2	78.3	0.1
375	0.1	87.6	89.4	88.9	4.7	24.2	79.5	80.2	77.6	0.1	79.8	0.1	0.2	78.4	0.1
376	0.2	87.8	89.4	89.1	5.3	25.3	79.8	80.3	77.8	0.1	80	0.2	0.2	78.6	0.2
377	0.2	87.9	89.4	89.4	6	26.5	80	80.4	77.9	0.1	80.1	0.2	0.3	78.8	0.2
378	0.3	87.9	89.4	89.6	6.7	27.6	80.3	80.3	77.9	0	80.1	0.3	0.3	78.8	0.3
379	0.4	87.9	89.4	89.7	7.5	28.8	80.6	80.4	77.9	0.1	80.2	0.4	0.4	79	0.4
380	0.6	87.9	89.4	89.7	8.3	29.9	80.8	80.5	78	0.1	80.5	0.6	0.6	79.2	0.6
381	0.8	87.9	89.5	89.7	9.3	31.1	80.9	80.4	78	0.1	80.7	0.8	0.8	79.3	0.8
382	1.1	87.9	89.5	89.9	10.3	32.3	81	80.4	78	0.1	80.7	1.1	1.2	79.4	1.1
383	1.6	88	89.5	90	11.5	33.6	81.2	80.4	78.1	0.1	80.7	1.6	1.6	79.5	1.6
384	2.2	88	89.4	90.1	12.7	34.8	81.5	80.5	78.1	0.1	80.8	2.1	2.2	79.6	2.1
385	2.9	88	89.4	90.2	14	36.1	81.7	80.5	78.2	0.2	81	2.9	2.9	79.8	2.8
386	3.9	88	89.5	90.2	15.5	37.4	81.8	80.5	78.3	0.3	81.1	3.8	3.8	79.9	3.7
387	5.1	88	89.4	90.2	17.1	38.8	81.7	80.4	78.2	0.4	81.1	4.9	5	80	4.9
388	6.6	88	89.4	90.3	18.9	40.3	81.8	80.4	78.3	0.6	81.1	6.3	6.4	80	6.2
389	8.4	88.1	89.5	90.4	20.9	41.7	82.1	80.5	78.4	1	81.2	7.9	8.1	80.1	7.9
390	10.5	88.2	89.5	90.6	23	43.1	82.4	80.6	78.5	1.4	81.3	9.9	10	80.3	9.8
391	12.9	88.3	89.5	90.7	25.2	44.6	82.5	80.6	78.6	2.1	81.5	12.1	12.3	80.4	12
392	15.8	88.3	89.6	90.8	27.6	46.2	82.6	80.6	78.6	3	81.5	14.7	14.9	80.5	14.6
393	19	88.4	89.5	90.9	30	47.7	82.8	80.6	78.7	4.2	81.6	17.6	17.7	80.6	17.4
394	22.3	88.5	89.6	90.9	32.5	49.2	82.9	80.7	78.7	5.7	81.7	20.6	20.9	80.8	20.4
395	26	88.4	89.6	90.9	35	50.6	83.1	80.7	78.7	7.6	81.7	23.9	24.2	80.9	23.6
396	29.8	88.4	89.6	90.9	37.6	52	83.2	80.6	78.7	9.8	81.8	27.4	27.7	81	27.1
397	33.7	88.5	89.5	91.1	40	53.3	83.3	80.7	78.9	12.4	81.9	30.9	31.3	80.9	30.6
398	37.7	88.5	89.5	91.3	42.3	54.6	83.5	80.7	78.9	15.2	82	34.5	35	81	34.1
399	41.6	88.5	89.6	91.2	44.6	55.7	83.5	80.7	79	18.3	82.1	38	38.7	81.1	37.6
400	45.4	88.5	89.6	91.3	46.6	56.8	83.5	80.8	79	21.6	82.2	41.4	42.1	81.2	41
401	49.3	88.4	89.6	91.4	48.5	57.8	83.7	80.8	79	25.2	82.2	44.9	45.6	81.3	44.4
402	53.1	88.5	89.7	91.4	50.3	58.7	83.8	80.7	79.1	29	82.3	48.2	49	81.3	47.7
403	56.6	88.5	89.6	91.4	51.9	59.5	83.9	80.8	79.2	32.8	82.3	51.3	52.2	81.4	50.7
404	60	88.5	89.7	91.5	53.3	60.2	84	80.9	79.2	36.7	82.3	54.3	55.2	81.4	53.6
405	63.1	88.5	89.7	91.6	54.6	61	84.2	80.9	79.2	40.6	82.4	57	58.1	81.5	56.4
406	66	88.6	89.7	91.6	55.8	61.6	84.2	80.9	79.3	44.2	82.4	59.6	60.6	81.5	59
407	68.4	88.6	89.6	91.6	56.9	62.1	84.2	80.8	79.3	47.4	82.5	61.9	63	81.6	61.2
408	70.6	88.6	89.6	91.7	57.9	62.7	84.3	80.9	79.3	50.5	82.6	64	65.1	81.7	63.3
409	72.5	88.7	89.7	91.7	58.8	63.1	84.5	80.8	79.4	53.4	82.6	65.9	67.1	81.8	65.2
410	74.2	88.7	89.7	91.8	59.6	63.4	84.5	80.9	79.4	56	82.6	67.4	68.8	81.8	66.8
411	75.7	88.6	89.6	91.8	60.2	63.7	84.5	80.9	79.4	58.3	82.7	68.9	70.4	81.8	68.2
412	77.3	88.6	89.6	91.9	60.8	63.9	84.6	80.9	79.3	60.5	82.7	70.2	71.7	81.9	69.5
413	78.9	88.7	89.8	92	61.4	64.3	84.7	80.9	79.4	62.7	82.8	71.4	72.9	82	70.7
414	80.2	88.8	89.8	92	62	64.5	84.7	80.9	79.4	64.8	82.9	72.4	73.9	82	71.7
415	81.3	88.8	89.7	92	62.4	64.6	84.8	80.9	79.5	66.5	82.8	73.3	74.8	82.1	72.6
416	82.4	88.8	89.8	91.9	62.9	64.7	84.9	80.9	79.5	68.2	83	74.2	75.6	82	73.3
417	83.3	88.8	89.8	92.1	63.3	65	85	81	79.6	69.7	82.9	75.1	76.5	82	74.2
418	83.9	88.8	89.8	92.2	63.7	65.2	85	81	79.6	70.9	82.9	75.8	77.2	82.1	75
419	84.2	88.8	89.7	92.1	64.1	65.3	84.9	81	79.5	71.7	82.9	76.2	77.9	82.1	75.4
420	84.4	88.8	89.7	92	64.5	65.3	85	81	79.5	72.4	82.9	76.7	78.4	82.1	75.9
421	84.6	88.8	89.7	92	64.9	65.5	85	81.1	79.6	72.9	83	77.1	78.8	82.1	76.3
422	84.9	88.9	89.7	92.2	65.2	65.5	85.1	81	79.7	73.3	83	77.4	79.2	82.2	76.7
423	85.2	88.9	89.7	92.2	65.5	65.7	85.1	81	79.7	73.8	83.1	77.6	79.5	82.3	77.1
424	85.6	88.9	89.8	92.2	66	65.8	85.2	81	79.7	74.3	83.1	77.9	79.8	82.4	77.3
425	86.1	88.9	89.9	92.3	66.3	65.9	85.3	81.1	79.8	74.9	83.1	78.1	80	82.4	77.5
426	86.6	89	89.8	92.3	66.7	65.9	85.3	81.1	79.7	75.7	83.2	78.4	80.2	82.5	77.7
427	87.2	89	89.8	92.3	67.1	66	85.4	81.2	79.8	76.4	83.2	78.6	80.4	82.5	77.9
428	87.6	89	89.9	92.3	67.5	66	85.4	81.2	79.9	77.1	83.2	78.8	80.6	82.5	78.1
429	87.9	89	89.8	92.3	67.8	66	85.4	81.1	79.9	77.6	83.2	79.1	80.8	82.5	78.4
430	88.1	89	89.7	92.2	68.1	66.1	85.3	81.1	79.9	78	83.2	79.3	81	82.4	78.6
431	88	88.9	89.8	92.4	68.6	66.2	85.4	81.1	79.9	78.2	83.2	79.5	81.2	82.5	78.8
432	88	89	89.8	92.4	69	66.3	85.4	81.2	79.9	78.3	83.2	79.7	81.5	82.6	79
433	87.9	89	89.8	92.3	69.4	66.4	85.4	81.2	79.9	78.2	83.3	79.8	81.6	82.6	79.1
434	87.6	89	89.9	92.4	69.9	66.4	85.4	81.2	80	78	83.3	79.9	81.7	82.6	79.2
435	87.3	89	89.8	92.4	70.3	66.5	85.6	81.2	79.9	77.8	83.2	79.8	81.7	82.6	79.2
436	87.2	89	89.8	92.3	70.6	66.5	85.6	81.2	79.9	77.6	83.3	79.7	81.7	82.6	79.2
437	87.3	89	89.8	92.3	71	66.5	85.6	81.2	79.9	77.6	83.4	79.8	81.7	82.6	79.3
438	87.5	89.1	89.8	92.4	71.4	66.5	85.6	81.2	80	77.7	83.3	79.7	81.8	82.6	79.2
439	87.8	89.1	89.9	92.4	71.8	66.7	85.6	81.2	80	77.9	83.4	79.7	81.8	82.7	79.2
440	88.2	89.1	89.9	92.4	72.2	66.7	85.6	81.2	79.9	78.3	83.5	79.7	81.8	82.7	79.2
441	88.5	89	89.9	92.4	72.7	66.7	85.6	81.2	80	78.8	83.5	79.8	81.8	82.7	79.3
442	88.8	89.1	89.9	92.4	73.1	66.7	85.6	81.2	80	79.2	83.4	79.9	81.8	82.8	79.3
443	89	89.1	89.9	92.4	73.5	66.8	85.6	81.2	80.1	79.5	83.4	80	81.8	82.8	79.3
444	89.1	89.1	89.9	92.4	74	66.8	85.6	81.3	80.1	79.8	83.5	80.2	82	82.8	79.5
445	89	89.2	89.9	92.4	74.5	67	85.6	81.3	80.2	80	83.5	80.4	82.2	82.8	79.7
446	88.8	89.2	89.9	92.4	75	67	85.6	81.3	80.2	80	83.5	80.4	82.2	82.7	79.8
447	88.6	89.1	89.9	92.4	75.5	67	85.6	81.3	80.2	79.8	83.5	80.5	82.4	82.8	79.9
448	88.4	89.2	89.9	92.5	75.9	67.1	85.8	81.3	80.2	79.5	83.5	80.6	82.4	82.8	79.9
449	88.1	89.2	89.9	92.5	76.4	67.1	85.8	81.3	80.3	79.3	83.5	80.5	82.5	82.9	80
450	87.9	89.3	90	92.5	76.8	67.1	85.7	81.4	80.3	78.9	83.5	80.5	82.4	82.9	80
451	87.8	89.3	89.9	92.5	77.2	67.2	85.7	81.4	80.3	78.6	83.5	80.4	82.4	82.9	79.9
452	87.7	89.2	89.9	92.5	77.5	67.3	85.8	81.5	80.3	78.5	83.5	80.3	82.5	83	79.9
453	87.9	89.3	90	92.6	77.9	67.3	85.8	81.4	80.4	78.6	83.6	80.3	82.4	83	79.9
454	88.2	89.2	89.9	92.5	78.3	67.4	85.7	81.4	80.4	78.7	83.6	80.2	82.3	82.9	79.8
455	88.5	89.2	89.9	92.4	78.6	67.3	85.7	81.4	80.4	78.8	83.6	80.1	82.2	82.8	79.7
456	88.8	89.3	90	92.5	78.9	67.4	85.8	81.4	80.3	79.1	83.5	80.2	82.2	83	79.7
457	89.1	89.3	90	92.5	79.3	67.4	85.8	81.4	80.4	79.6	83.6	80.2	82.1	83	79.7
458	89.4	89.3	90	92.5	79.5	67.4	85.7	81.4	80.4	80	83.6	80.3	82.1	83	79.7
459	89.5	89.2	89.9	92.4	79.8	67.5	85.8	81.4	80.5	80.2	83.6	80.4	82.2	83	79.8
460	89.6	89.3	89.9	92.4	80.1	67.5	85.8	81.5	80.5	80.5	83.6	80.6	82.4	83	80
461	89.4	89.4	90	92.5	80.4	67.6	85.8	81.5	80.4	80.6	83.7	80.7	82.5	83	80.1
462	89.3	89.4	90.1	92.6	80.7	67.6	85.9	81.5	80.5	80.6	83.7	80.8	82.6	83.1	80.3
463	89	89.4	90.1	92.6	81	67.7	85.9	81.6	80.6	80.4	83.7	80.9	82.7	83.1	80.4
464	88.6	89.4	90.1	92.5	81.2	67.7	85.8	81.5	80.5	80.2	83.7	80.9	82.8	83.1	80.4
465	88.3	89.3	90	92.4	81.4	67.7	85.8	81.5	80.5	79.8	83.7	80.9	82.9	83	80.4
466	88.1	89.3	89.9	92.5	81.7	67.7	85.8	81.5	80.5	79.5	83.7	80.9	82.8	83	80.4
467	88	89.4	90	92.5	82	67.8	85.8	81.5	80.6	79.3	83.6	80.9	82.9	83	80.4
468	87.9	89.4	90	92.4	82.2	67.8	85.8	81.6	80.6	79	83.6	80.8	82.8	83.1	80.3
469	88	89.4	90	92.5	82.4	67.9	85.8	81.5	80.6	78.9	83.7	80.8	82.7	83.1	80.3
470	88.2	89.4	90	92.5	82.6	68	85.8	81.5	80.6	78.9	83.7	80.7	82.6	83.1	80.2
471	88.4	89.4	90	92.6	82.8	68	85.8	81.6	80.6	79	83.7	80.5	82.6	83.1	80.1
472	88.8	89.4	90.1	92.6	83	68	85.8	81.6	80.6	79.2	83.6	80.4	82.5	83.1	80.1
473	89.1	89.4	90	92.5	83.2	68	85.8	81.6	80.6	79.5	83.7	80.4	82.4	83.1	80
474	89.4	89.4	90	92.5	83.3	68.1	85.8	81.6	80.7	79.9	83.7	80.4	82.3	83.2	80
475	89.7	89.4	90	92.5	83.4	68.2	85.9	81.7	80.7	80.2	83.7	80.5	82.3	83.1	80
476	89.9	89.5	90.1	92.5	83.6	68.2	85.8	81.7	80.7	80.5	83.7	80.5	82.4	83.2	80
477	89.9	89.5	90.1	92.6	83.8	68.2	85.8	81.7	80.7	80.7	83.8	80.7	82.5	83.2	80.2
478	89.9	89.5	90	92.6	83.9	68.2	85.8	81.6	80.8	80.9	83.7	80.8	82.6	83.2	80.3
479	89.7	89.5	90.1	92.4	84	68.3	85.8	81.6	80.8	80.9	83.7	80.9	82.7	83.2	80.3
480	89.5	89.5	90.2	92.4	84	68.3	85.8	81.6	80.8	80.8	83.8	81	82.8	83.2	80.4
481	89.1	89.5	90.1	92.5	84.2	68.4	85.8	81.6	80.8	80.7	83.8	81.2	82.9	83.2	80.6
482	88.7	89.5	90	92.5	84.3	68.4	85.8	81.6	80.8	80.5	83.8	81.2	83	83.2	80.7
483	88.4	89.4	90.1	92.5	84.4	68.4	85.8	81.7	80.8	80.2	83.8	81.3	83.1	83.2	80.7
484	88.2	89.4	90.2	92.4	84.5	68.5	85.7	81.6	80.7	79.8	83.8	81.3	83.1	83.2	80.8
485	88.1	89.5	90.2	92.5	84.5	68.5	85.8	81.6	80.8	79.5	83.8	81.2	83.1	83.1	80.7
486	88.1	89.5	90.1	92.5	84.7	68.5	85.7	81.6	80.8	79.3	83.7	81.1	83.1	83.2	80.7
487	88.1	89.6	90.1	92.5	84.7	68.6	85.7	81.6	80.8	79.2	83.8	81	83	83.2	80.7
488	88.3	89.6	90.1	92.4	84.8	68.6	85.8	81.8	80.8	79.2	83.7	81	82.9	83.2	80.6
489	88.5	89.7	90.2	92.5	84.9	68.7	85.8	81.7	80.9	79.3	83.8	80.9	82.8	83.1	80.5
490	88.8	89.6	90.1	92.5	85	68.7	85.8	81.8	80.9	79.5	83.8	80.8	82.6	83.2	80.4
491	89.2	89.7	90.2	92.5	85	68.7	85.8	81.8	80.9	79.7	83.8	80.7	82.5	83.2	80.4
492	89.4	89.7	90.2	92.5	85	68.7	85.7	81.7	80.9	79.8	83.8	80.6	82.3	83.2	80.3
493	89.7	89.6	90.1	92.5	85.1	68.8	85.7	81.7	80.8	80.1	83.7	80.6	82.3	83.2	80.2
494	89.8	89.5	90.1	92.5	85.2	68.8	85.6	81.7	80.9	80.5	83.8	80.6	82.3	83.2	80.2
495	90.1	89.6	90.2	92.4	85.3	68.8	85.7	81.8	80.9	80.9	83.8	80.8	82.4	83.3	80.2
496	90.2	89.7	90.2	92.5	85.4	68.9	85.7	81.8	80.9	81.1	83.8	81	82.5	83.3	80.3
497	90.1	89.6	90.1	92.5	85.5	68.9	85.7	81.9	80.9	81.3	83.8	81.1	82.6	83.3	80.4
498	89.9	89.6	90.1	92.4	85.5	68.9	85.7	81.8	80.9	81.3	83.8	81.2	82.7	83.3	80.5
499	89.7	89.5	90.2	92.4	85.5	68.9	85.6	81.8	80.9	81.2	83.8	81.3	82.9	83.2	80.6
500	89.4	89.6	90.1	92.3	85.6	68.9	85.6	81.9	80.9	81.1	83.8	81.4	83	83.2	80.8
501	89	89.6	90.1	92.3	85.6	68.9	85.7	81.8	81	80.9	83.9	81.5	83	83.2	80.9
502	88.8	89.6	90.1	92.4	85.7	69	85.7	81.8	81	80.8	83.9	81.6	83.2	83.1	80.9
503	88.6	89.6	90.2	92.6	85.7	69	85.6	81.8	81	80.5	83.9	81.5	83.2	83.2	81.1
504	88.4	89.7	90.2	92.5	85.8	69.1	85.6	81.8	81	80.3	83.8	81.6	83.3	83.2	81.2
505	88.3	89.7	90.1	92.4	85.9	69.1	85.6	81.9	81	80.1	83.8	81.6	83.4	83.2	81.2
506	88.3	89.7	90.2	92.4	85.9	69.1	85.7	81.9	81.1	79.9	83.9	81.6	83.3	83.3	81.2
507	88.4	89.8	90.3	92.4	85.9	69.2	85.7	81.9	81.1	79.8	83.9	81.6	83.4	83.3	81.1
508	88.5	89.7	90.3	92.5	86	69.2	85.6	82	81.1	79.8	83.9	81.4	83.3	83.3	81.1
509	88.7	89.6	90.2	92.4	85.9	69.2	85.6	81.9	81	79.7	83.8	81.2	83	83.3	80.9
510	88.9	89.6	90.2	92.3	85.9	69.2	85.6	81.8	81	79.7	83.8	81.1	82.9	83.3	80.8
511	89.1	89.6	90.2	92.4	85.9	69.2	85.6	81.8	81	79.9	83.7	81	82.8	83.2	80.7
512	89.4	89.7	90.2	92.4	86	69.3	85.6	81.8	80.9	80.1	83.7	80.9	82.6	83.2	80.6
513	89.7	89.8	90.2	92.4	86	69.3	85.6	81.8	81	80.3	83.8	80.8	82.6	83.2	80.5
514	90	89.7	90.2	92.4	86.1	69.4	85.6	81.9	81.1	80.6	83.8	80.9	82.5	83.2	80.6
515	90.1	89.7	90.2	92.3	86.1	69.4	85.6	82	81.1	80.8	83.8	80.9	82.5	83.2	80.5
516	90.3	89.7	90.3	92.3	86.1	69.3	85.5	82	81.1	81.1	83.8	80.9	82.4	83.2	80.5
517	90.4	89.7	90.3	92.3	86.2	69.4	85.5	82	81.1	81.3	83.8	81.1	82.5	83.3	80.6
518	90.3	89.7	90.3	92.4	86.2	69.5	85.5	82	81.2	81.5	83.8	81.2	82.6	83.3	80.7
519	90.2	89.7	90.2	92.4	86.2	69.5	85.5	81.9	81.2	81.5	83.8	81.3	82.7	83.3	80.8
520	90	89.8	90.3	92.4	86.2	69.6	85.5	82	81.2	81.6	83.8	81.4	82.8	83.3	80.9
521	89.7	89.7	90.3	92.3	86.2	69.6	85.5	81.9	81.1	81.6	83.8	81.5	82.9	83.3	81
522	89.5	89.8	90.2	92.3	86.3	69.6	85.6	81.9	81.2	81.5	83.8	81.7	83.1	83.3	81.1
523	89.2	89.8	90.3	92.4	86.3	69.6	85.5	82	81.2	81.3	83.8	81.8	83.2	83.3	81.2
524	89	89.8	90.3	92.4	86.3	69.6	85.5	82	81.2	81.1	83.8	81.8	83.3	83.3	81.3
525	88.8	89.8	90.3	92.3	86.3	69.6	85.5	82	81.2	80.9	83.8	81.8	83.4	83.2	81.4
526	88.6	89.8	90.3	92.3	86.3	69.7	85.5	82	81.3	80.6	83.8	81.8	83.4	83.3	81.4
527	88.4	89.8	90.3	92.3	86.4	69.7	85.5	82.1	81.3	80.3	83.8	81.8	83.4	83.3	81.5
528	88.4	89.8	90.4	92.3	86.4	69.7	85.5	82.1	81.2	80.2	83.8	81.8	83.4	83.3	81.4
529	88.5	89.9	90.4	92.3	86.4	69.8	85.4	82.1	81.2	80.1	83.9	81.8	83.4	83.3	81.4
530	88.7	89.9	90.3	92.3	86.4	69.9	85.5	82.1	81.3	80.1	83.8	81.7	83.3	83.2	81.4
531	88.9	89.9	90.4	92.4	86.5	69.9	85.5	82.1	81.3	80	83.7	81.6	83.3	83.3	81.3
532	89.1	89.9	90.4	92.3	86.4	69.8	85.5	82.1	81.3	80.1	83.7	81.4	83.2	83.3	81.1
533	89.3	89.9	90.4	92.4	86.3	69.8	85.4	82.1	81.3	80.2	83.7	81.3	83.1	83.4	81
534	89.7	89.8	90.5	92.2	86.3	69.9	85.4	82.1	81.4	80.3	83.8	81.3	82.9	83.4	80.9
535	89.9	89.8	90.4	92.2	86.3	70	85.3	82	81.3	80.4	83.7	81.2	82.9	83.3	80.9
536	90.1	90	90.4	92.3	86.3	70	85.3	82	81.3	80.7	83.7	81.1	82.7	83.3	80.7
537	90.3	90	90.4	92.3	86.5	70	85.3	82	81.3	81	83.8	81.1	82.6	83.3	80.7
538	90.6	89.9	90.3	92.3	86.5	70	85.4	82.2	81.4	81.2	83.8	81	82.5	83.4	80.7
539	90.5	89.9	90.4	92.3	86.6	70.1	85.4	82.1	81.4	81.4	83.9	81	82.5	83.3	80.7
540	90.4	89.8	90.4	92.2	86.5	70.1	85.4	82.1	81.4	81.5	83.8	81.1	82.5	83.3	80.8
541	90.4	89.9	90.4	92.2	86.5	70.1	85.5	82.2	81.4	81.8	83.8	81.2	82.4	83.2	80.9
542	90.2	89.9	90.5	92.2	86.4	70.1	85.4	82.2	81.4	81.8	83.8	81.4	82.6	83.2	80.9
543	90.1	90	90.4	92.3	86.4	70.1	85.4	82.2	81.5	81.7	83.8	81.4	82.8	83.3	80.9
544	89.8	89.9	90.4	92.2	86.4	70.2	85.3	82.1	81.4	81.6	83.8	81.5	82.8	83.2	81
545	89.6	89.9	90.4	92.2	86.4	70.2	85.3	82.1	81.4	81.5	83.8	81.7	82.9	83.3	81.3
546	89.4	90	90.4	92.3	86.3	70.2	85.3	82.2	81.5	81.5	83.7	81.8	83	83.4	81.4
547	89.1	89.9	90.4	92.2	86.2	70.2	85.3	82.2	81.4	81.3	83.8	81.9	83.1	83.3	81.4
548	88.9	90.1	90.4	92.1	86.3	70.2	85.2	82.2	81.4	81.1	83.8	82	83.2	83.3	81.6
549	88.7	90	90.4	92.1	86.3	70.3	85.3	82.2	81.4	80.9	83.7	82.1	83.3	83.3	81.7
550	88.5	89.8	90.3	92.1	86.2	70.3	85.2	82.2	81.4	80.7	83.8	82.1	83.4	83.3	81.7
551	88.2	89.9	90.3	92.1	86.1	70.3	85.1	82.2	81.4	80.6	83.8	82.1	83.4	83.3	81.7
552	88.4	89.9	90.2	92.1	86.1	70.4	85.2	82.1	81.5	80.5	83.9	82	83.5	83.2	81.7
553	88.6	90	90.3	92.1	86.1	70.3	85.2	82.2	81.5	80.4	83.9	82	83.4	83.3	81.6
554	88.7	90	90.4	92.2	86	70.4	85.2	82.2	81.4	80.3	83.8	82	83.3	83.3	81.6
555	88.8	90	90.5	92.2	86	70.5	85.3	82.2	81.5	80.1	83.7	81.9	83.3	83.2	81.5
556	89	89.9	90.5	92.2	86	70.5	85.2	82.2	81.5	80.2	83.8	81.6	83.1	83.3	81.4
557	89.2	89.9	90.4	92.2	86	70.5	85.2	82.2	81.5	80.3	83.8	81.5	83	83.3	81.2
558	89.4	90	90.4	92.1	86	70.5	85.2	82.3	81.5	80.3	83.8	81.4	82.9	83.3	81.1
559	89.7	89.9	90.4	92	85.8	70.6	85.1	82.3	81.5	80.5	83.7	81.4	82.8	83.2	81
560	90	89.9	90.3	92	85.8	70.7	85.1	82.2	81.6	80.7	83.7	81.3	82.7	83.2	81
561	90.2	89.9	90.3	92.1	85.7	70.7	85.1	82.2	81.5	80.8	83.8	81.2	82.7	83.2	80.9
562	90.3	89.9	90.4	92.1	85.8	70.7	85.1	82.2	81.6	81	83.7	81.1	82.6	83.3	80.9
563	90.5	89.9	90.4	92.1	85.8	70.7	85.1	82.3	81.6	81.1	83.8	81.1	82.5	83.3	80.8
564	90.7	90	90.4	92.1	85.7	70.7	85.1	82.4	81.5	81.3	83.8	81.2	82.5	83.2	80.8
565	90.6	90	90.4	92.2	85.7	70.8	85.1	82.3	81.6	81.4	83.8	81.2	82.5	83.3	80.8
566	90.7	90	90.5	92.2	85.7	70.8	85.1	82.3	81.6	81.6	83.8	81.2	82.5	83.3	80.9
567	90.6	90	90.5	92.1	85.7	70.8	85.1	82.3	81.6	81.7	83.8	81.3	82.6	83.3	80.9
568	90.3	90.1	90.5	92.1	85.6	70.9	85.1	82.4	81.6	81.7	83.8	81.5	82.6	83.3	80.9
569	90.2	90	90.5	92.1	85.5	70.9	85	82.3	81.6	81.7	83.8	81.6	82.7	83.3	81.1
570	89.9	90	90.5	92.1	85.5	70.9	85	82.4	81.6	81.7	83.8	81.7	82.8	83.3	81.3
571	89.7	90	90.4	92	85.4	70.9	85	82.3	81.6	81.6	83.8	81.8	83	83.3	81.3
572	89.4	90	90.4	92	85.3	70.9	85	82.3	81.6	81.5	83.7	81.9	83.1	83.2	81.4
573	89.1	90	90.5	92	85.3	70.9	85	82.3	81.6	81.4	83.7	82	83.1	83.3	81.5
574	89	90	90.5	92	85.3	71	85	82.3	81.6	81.3	83.7	82.1	83.1	83.2	81.7
575	88.8	90	90.5	92	85.2	71	85	82.4	81.6	81.1	83.8	82.3	83.3	83.2	81.8
576	88.6	90	90.5	91.9	85.1	71	84.9	82.3	81.7	81	83.8	82.3	83.4	83.2	81.8
577	88.5	90	90.5	92	85.1	71.1	84.9	82.3	81.6	80.9	83.7	82.3	83.5	83.2	81.9
578	88.5	90	90.6	92	85	71.1	84.9	82.4	81.7	80.7	83.8	82.3	83.5	83.3	81.9
579	88.5	90	90.5	92.1	84.9	71.1	84.9	82.4	81.7	80.6	83.8	82.3	83.5	83.3	81.9
580	88.6	90	90.5	92	84.8	71.1	84.9	82.3	81.7	80.6	83.8	82.3	83.4	83.2	81.9
581	88.7	90	90.5	91.9	84.7	71.1	84.9	82.3	81.6	80.5	83.8	82.2	83.4	83.2	81.8
582	88.8	90	90.4	91.9	84.6	71.1	84.9	82.3	81.6	80.4	83.7	82.1	83.3	83.3	81.7
583	89	90.1	90.5	92	84.5	71.2	84.9	82.3	81.7	80.4	83.8	82	83.2	83.3	81.7
584	89.3	90.1	90.6	92	84.4	71.3	84.9	82.4	81.8	80.5	83.8	81.9	83.1	83.3	81.7
585	89.5	90.2	90.6	92	84.3	71.3	84.9	82.4	81.7	80.6	83.9	81.8	83	83.3	81.5
586	89.8	90.1	90.6	92	84.1	71.3	84.8	82.4	81.8	80.7	83.8	81.7	82.8	83.3	81.3
587	90	90.1	90.6	92	83.9	71.3	84.8	82.4	81.8	80.7	83.8	81.6	82.7	83.2	81.3
588	90.2	90	90.6	92	83.7	71.3	84.8	82.4	81.8	80.8	83.8	81.4	82.5	83.2	81.2
589	90.4	90	90.5	91.8	83.5	71.3	84.8	82.4	81.7	80.9	83.7	81.3	82.4	83.2	81
590	90.5	90	90.5	91.8	83.3	71.3	84.8	82.4	81.7	81	83.6	81.2	82.3	83.2	80.9
591	90.7	90	90.5	91.9	83.1	71.4	84.8	82.4	81.8	81.2	83.7	81.2	82.3	83.2	80.9
592	90.8	90.1	90.5	91.9	83	71.4	84.8	82.5	81.8	81.4	83.8	81.3	82.2	83.3	80.9
593	90.8	90.1	90.6	92	82.7	71.5	84.8	82.5	81.9	81.5	83.8	81.3	82.2	83.3	80.9
594	90.7	90.2	90.6	92	82.4	71.5	84.8	82.5	81.8	81.6	83.8	81.3	82.2	83.2	81
595	90.7	90.1	90.6	92	82.1	71.5	84.8	82.6	81.8	81.7	83.7	81.4	82.2	83.2	81
596	90.6	90.1	90.6	92	81.8	71.5	84.8	82.5	81.8	81.7	83.8	81.5	82.4	83.3	81.1
597	90.4	90.1	90.6	91.9	81.4	71.6	84.7	82.5	81.9	81.8	83.8	81.6	82.5	83.3	81.2
598	90.2	90.1	90.6	91.9	81	71.6	84.7	82.5	81.9	81.8	83.7	81.7	82.6	83.3	81.3
599	89.9	90.1	90.6	91.8	80.7	71.6	84.7	82.5	81.9	81.7	83.7	81.8	82.7	83.2	81.4
600	89.7	90.1	90.6	91.8	80.3	71.6	84.7	82.5	81.8	81.6	83.7	81.9	82.7	83.2	81.4
601	89.5	90.1	90.6	91.8	79.9	71.6	84.7	82.5	81.8	81.6	83.7	82	82.8	83.2	81.6
602	89.3	90	90.6	91.8	79.5	71.7	84.6	82.5	81.9	81.5	83.6	82.2	83	83.2	81.7
603	89.1	90	90.6	91.8	79.1	71.7	84.5	82.5	81.9	81.5	83.6	82.3	83.1	83.3	81.8
604	88.9	90.1	90.6	91.8	78.7	71.7	84.6	82.5	81.9	81.4	83.7	82.4	83.3	83.3	81.9
605	88.8	90.1	90.6	91.8	78.4	71.8	84.6	82.5	81.9	81.2	83.6	82.4	83.4	83.3	82
606	88.7	90.1	90.6	91.8	78	71.8	84.7	82.5	81.9	81.1	83.6	82.5	83.5	83.2	82.1
607	88.6	90.2	90.6	91.8	77.7	71.7	84.8	82.5	81.9	81	83.6	82.6	83.5	83.2	82.1
608	88.7	90.2	90.6	91.8	77.5	71.7	84.7	82.5	81.9	81	83.6	82.7	83.6	83.2	82.1
609	88.7	90.1	90.6	91.9	77.2	71.8	84.7	82.5	81.9	80.9	83.7	82.6	83.6	83.2	82.1
610	88.8	90.1	90.6	91.8	76.9	71.8	84.6	82.6	81.9	80.9	83.7	82.5	83.6	83.2	82.2
611	88.9	90.1	90.6	91.8	76.7	71.9	84.6	82.6	81.9	80.9	83.7	82.5	83.5	83.3	82.2
612	89.1	90.2	90.6	91.8	76.5	71.9	84.6	82.6	81.9	80.9	83.7	82.4	83.5	83.3	82.1
613	89.2	90.1	90.6	91.8	76.3	71.9	84.5	82.6	81.9	80.9	83.7	82.3	83.4	83.2	82
614	89.4	90.1	90.7	91.8	76.2	72	84.6	82.5	81.9	80.9	83.7	82.2	83.4	83.2	81.9
615	89.7	90.1	90.7	91.9	76	72	84.6	82.6	81.9	80.9	83.7	82.2	83.2	83.2	81.8
616	89.9	90.1	90.7	91.8	75.9	72	84.6	82.6	81.9	80.9	83.7	82.1	83	83.2	81.7
617	90.1	90.1	90.6	91.7	75.7	72	84.6	82.6	81.9	81	83.7	81.9	82.9	83.2	81.6
618	90.4	90.1	90.6	91.7	75.6	72	84.5	82.6	81.9	81.2	83.7	81.8	82.8	83.2	81.5
619	90.5	90.1	90.6	91.8	75.5	72.1	84.5	82.6	81.9	81.2	83.7	81.7	82.7	83.2	81.4
620	90.6	90.1	90.6	91.8	75.3	72.1	84.4	82.6	81.9	81.3	83.7	81.6	82.6	83.2	81.3
621	90.8	90.1	90.6	91.8	75	72.1	84.5	82.6	81.9	81.4	83.7	81.5	82.5	83.2	81.2
622	90.9	90.2	90.6	91.9	74.9	72.2	84.5	82.7	82	81.5	83.7	81.5	82.4	83.3	81.2
623	91	90.2	90.6	91.8	74.7	72.2	84.5	82.7	82.1	81.7	83.7	81.5	82.3	83.3	81.2
624	90.9	90.2	90.6	91.7	74.3	72.2	84.5	82.6	82	81.7	83.6	81.4	82.1	83.1	81.1
625	90.9	90.1	90.6	91.7	74	72.2	84.5	82.7	82	81.7	83.7	81.5	82.1	83.1	81.1
626	90.9	90.2	90.7	91.8	73.8	72.4	84.5	82.7	82	81.8	83.7	81.5	82.3	83.2	81.1
627	90.8	90.2	90.6	91.8	73.5	72.4	84.5	82.7	82.1	81.8	83.7	81.6	82.2	83.3	81.2
628	90.7	90.2	90.6	91.7	73.1	72.3	84.5	82.7	82.1	81.9	83.7	81.6	82.3	83.2	81.2
629	90.5	90.2	90.6	91.7	72.7	72.3	84.5	82.7	82.1	81.9	83.7	81.7	82.3	83.1	81.3
630	90.3	90.2	90.6	91.7	72.3	72.3	84.4	82.7	82	81.9	83.7	81.8	82.3	83.1	81.4
631	90.1	90.2	90.7	91.7	71.9	72.3	84.4	82.7	82	81.9	83.7	81.9	82.4	83.2	81.5
632	89.9	90.1	90.7	91.6	71.4	72.4	84.4	82.6	82	81.9	83.7	82	82.5	83.2	81.6
633	89.6	90.1	90.7	91.6	70.9	72.4	84.4	82.6	82	81.8	83.6	82.2	82.6	83.1	81.7
634	89.4	90.2	90.7	91.5	70.5	72.4	84.4	82.6	82	81.8	83.7	82.3	82.7	83.1	81.8
635	89.3	90.2	90.7	91.7	70	72.5	84.5	82.7	82.1	81.7	83.7	82.4	82.9	83.2	82
636	89.2	90.2	90.7	91.8	69.5	72.5	84.6	82.8	82.1	81.7	83.7	82.6	83.1	83.2	82
637	89	90.3	90.8	91.7	68.8	72.6	84.5	82.7	82	81.5	83.7	82.7	83.2	83.2	82.1
638	88.9	90.3	90.7	91.7	68.2	72.6	84.4	82.8	82	81.4	83.7	82.8	83.2	83.1	82.1
639	88.8	90.2	90.7	91.7	67.5	72.6	84.3	82.8	82	81.5	83.7	82.8	83.3	83.1	82.2
640	88.8	90.2	90.7	91.6	66.8	72.6	84.3	82.7	82	81.4	83.6	82.8	83.3	83.1	82.3
641	88.8	90.2	90.7	91.7	66	72.5	84.3	82.7	82.1	81.3	83.5	82.8	83.4	83.1	82.4
642	88.9	90.3	90.7	91.7	65.1	72.6	84.4	82.8	82	81.3	83.6	82.8	83.5	83.1	82.4
643	88.9	90.2	90.7	91.7	64.2	72.6	84.3	82.8	82.1	81.3	83.6	82.8	83.6	83	82.4
644	89	90.2	90.7	91.7	63.1	72.6	84.3	82.8	82.1	81.2	83.5	82.8	83.6	83	82.4
645	89.1	90.3	90.7	91.7	62	72.7	84.4	82.7	82.1	81.2	83.6	82.7	83.6	83.1	82.5
646	89.3	90.3	90.6	91.7	60.7	72.7	84.3	82.7	82.1	81.3	83.7	82.7	83.5	83.1	82.4
647	89.5	90.2	90.7	91.7	59.3	72.7	84.3	82.7	82.1	81.4	83.6	82.6	83.4	83.1	82.3
648	89.7	90.2	90.7	91.8	57.9	72.8	84.3	82.8	82.1	81.4	83.6	82.5	83.3	83.2	82.2
649	90	90.3	90.7	91.7	56.5	72.8	84.3	82.9	82.1	81.5	83.5	82.5	83.2	83.2	82.2
650	90.1	90.3	90.7	91.5	55	72.8	84.2	82.8	82.1	81.5	83.5	82.4	83.1	83.1	82.1
651	90.3	90.3	90.7	91.6	53.4	72.9	84.3	82.8	82.1	81.5	83.6	82.2	83.1	83.1	81.9
652	90.4	90.3	90.8	91.6	51.9	72.9	84.3	82.8	82.2	81.7	83.6	82.1	83	83.2	81.8
653	90.6	90.2	90.7	91.6	50.4	72.9	84.3	82.8	82.1	81.7	83.6	82	82.8	83.1	81.7
654	90.8	90.2	90.7	91.5	49.1	72.8	84.3	82.8	82.1	81.7	83.5	81.9	82.7	83.1	81.6
655	90.9	90.2	90.7	91.5	47.9	72.9	84.3	82.8	82.1	81.8	83.5	81.9	82.7	83.1	81.5
656	91	90.1	90.7	91.6	46.7	73	84.3	82.8	82.1	81.8	83.5	81.8	82.5	83.1	81.4
657	91.1	90.2	90.6	91.6	45.8	73	84.2	82.8	82	81.9	83.5	81.7	82.3	83.1	81.2
658	91.2	90.2	90.7	91.7	44.9	72.9	84.1	82.8	82.1	81.9	83.5	81.7	82.3	83.1	81.3
659	91.2	90.2	90.8	91.7	44.2	73	84.1	82.9	82.2	82	83.6	81.6	82.4	83.2	81.3
660	91.2	90.1	90.8	91.6	43.6	73	84	82.9	82.2	82.1	83.6	81.6	82.4	83.1	81.4
661	91	90.1	90.8	91.5	43.1	73	84.1	82.8	82.1	82.1	83.6	81.6	82.4	83.1	81.4
662	90.9	90.2	90.8	91.6	42.9	73	84.2	82.9	82.2	82.2	83.5	81.7	82.4	83.1	81.3
663	90.9	90.3	90.7	91.6	42.8	73.1	84.2	82.9	82.2	82.2	83.5	81.7	82.4	83.2	81.4
664	90.7	90.2	90.7	91.5	42.8	73.1	84.2	82.9	82.2	82.1	83.5	81.8	82.4	83.1	81.4
665	90.5	90.2	90.8	91.5	42.9	73.1	84.2	82.8	82.1	82	83.5	81.9	82.4	83.1	81.5
666	90.4	90.3	90.9	91.5	43.2	73.2	84.1	83	82	82	83.5	81.9	82.5	83.1	81.5
667	90.1	90.2	90.8	91.4	43.4	73.1	84	82.9	82.1	82	83.5	82	82.4	83.1	81.5
668	89.9	90.2	90.6	91.4	43.9	73.1	84	82.8	82.1	82	83.5	82.2	82.5	83	81.6
669	89.8	90.2	90.7	91.5	44.4	73.2	84	82.8	82.1	82	83.6	82.3	82.7	83	81.8
670	89.5	90.2	90.7	91.5	45	73.2	83.9	82.8	82.1	82	83.5	82.4	82.8	83	82
671	89.4	90.2	90.7	91.4	45.7	73.2	83.9	82.8	82.1	81.9	83.5	82.5	82.9	83	82
672	89.3	90.2	90.8	91.5	46.5	73.2	84	82.8	82.1	81.9	83.6	82.7	83.1	83.1	82.1
673	89.2	90.3	90.8	91.5	47.3	73.2	84.1	82.9	82.1	81.9	83.6	82.8	83.2	83	82.3
674	89.1	90.3	90.8	91.5	48.2	73.2	84.1	82.8	82.2	81.8	83.5	82.8	83.2	83	82.4
675	89.1	90.3	90.8	91.4	49	73.2	84.1	82.9	82.1	81.7	83.5	82.9	83.3	83.1	82.5
676	89	90.4	90.8	91.4	49.9	73.3	84	82.8	82.1	81.7	83.6	83	83.3	83	82.6
677	88.9	90.4	90.8	91.4	50.7	73.4	84	82.8	82.2	81.7	83.5	83	83.3	83	82.7
678	89	90.4	90.9	91.4	51.5	73.4	84	82.9	82.2	81.7	83.5	83	83.4	83.1	82.7
679	89.1	90.3	90.8	91.5	52.3	73.4	84	82.9	82.2	81.7	83.6	83.1	83.5	83	82.7
680	89.1	90.2	90.8	91.4	52.9	73.4	83.8	82.8	82.2	81.7	83.6	83.1	83.6	83	82.7
681	89.2	90.2	90.9	91.4	53.5	73.5	83.8	82.9	82.2	81.7	83.6	83.1	83.6	83	82.6
682	89.3	90.2	90.8	91.4	54	73.6	83.9	82.8	82.2	81.6	83.6	83.1	83.6	83	82.6
683	89.4	90.3	90.8	91.5	54.4	73.5	83.9	82.9	82.2	81.6	83.6	83.1	83.5	83	82.6
684	89.6	90.3	90.9	91.5	54.8	73.5	84	83	82.2	81.7	83.5	83	83.4	83	82.6
685	89.8	90.3	90.9	91.4	55	73.5	84	83	82.2	81.8	83.6	82.8	83.4	83	82.5
686	89.9	90.2	90.8	91.4	55.2	73.5	84	83	82.2	81.8	83.6	82.8	83.3	83.1	82.4
687	90	90.3	90.7	91.3	55.3	73.6	84	83.1	82.3	81.8	83.5	82.7	83.2	83.1	82.4
688	90.3	90.4	90.7	91.4	55.3	73.7	84	83.1	82.3	81.9	83.6	82.6	83.1	83.1	82.3
689	90.5	90.4	90.7	91.4	55.3	73.7	84	83.1	82.2	82	83.6	82.6	83	83.1	82.2
690	90.6	90.3	90.8	91.3	55.2	73.6	83.9	83	82.2	82	83.5	82.5	82.9	83	82.1
691	90.8	90.2	90.8	91.2	54.9	73.7	83.8	82.9	82.2	82	83.5	82.4	82.7	83	82.1
692	90.9	90.3	90.8	91.3	54.5	73.7	83.8	83	82.2	82.1	83.6	82.3	82.6	83.1	81.9
693	91.1	90.4	90.9	91.4	54	73.7	83.9	83	82.3	82.2	83.7	82.2	82.6	83.1	81.9
694	91.2	90.4	90.9	91.4	53.4	73.8	83.8	83	82.3	82.2	83.7	82.1	82.4	83	81.8
695	91.2	90.4	90.8	91.4	52.7	73.8	83.8	83	82.2	82.2	83.6	82	82.3	83.1	81.7
696	91.3	90.4	90.8	91.4	52	73.8	83.9	83	82.2	82.2	83.6	81.9	82.3	83.1	81.6
697	91.4	90.4	90.9	91.4	51	73.8	83.9	83	82.2	82.3	83.5	82	82.1	83.1	81.6
698	91.4	90.4	90.9	91.4	49.9	73.9	84	83.1	82.2	82.3	83.5	81.9	82	83.1	81.6
699	91.3	90.4	90.9	91.4	48.8	74	83.9	83.1	82.2	82.3	83.5	81.8	82.1	83	81.5
700	91.2	90.2	90.9	91.4	47.6	74	83.9	83.1	82.2	82.3	83.5	81.9	82	83	81.5
701	91.2	90.2	90.9	91.3	46.3	73.9	83.9	83.1	82.2	82.2	83.5	81.8	81.9	83	81.4
702	91	90.3	90.8	91.3	44.9	73.9	83.7	83.1	82.2	82.2	83.5	81.8	82	83	81.4
703	90.9	90.3	90.8	91.4	43.5	74	83.6	83	82.2	82.2	83.5	81.9	82	82.9	81.5
704	90.8	90.3	90.9	91.4	42.2	74	83.7	83.1	82.3	82.2	83.5	82	82	82.9	81.6
705	90.7	90.4	90.8	91.3	40.8	74	83.7	83.1	82.3	82.1	83.4	82	82.1	83	81.6
706	90.5	90.3	90.8	91.2	39.4	74	83.6	83.1	82.2	82.1	83.5	82.1	82.2	83	81.6
707	90.3	90.2	90.8	91.2	38	74	83.6	83	82.2	82.1	83.5	82.1	82.3	83	81.7
708	90.1	90.2	90.8	91.2	36.7	74	83.6	83	82.2	82.1	83.4	82.2	82.4	83	81.8
709	89.9	90.3	90.8	91.2	35.4	74.1	83.7	83	82.3	82	83.5	82.3	82.5	83	81.9
710	89.8	90.3	90.8	91.2	34.2	74.1	83.8	83	82.2	82.1	83.5	82.4	82.6	83	82
711	89.6	90.3	90.8	91.3	33	74.1	83.8	83.1	82.2	82	83.4	82.5	82.7	82.9	82.1
712	89.5	90.3	90.9	91.3	31.7	74.1	83.7	83.1	82.3	82.1	83.5	82.7	82.8	83	82.2
713	89.4	90.4	90.9	91.3	30.5	74.2	83.7	83.1	82.3	82.1	83.4	82.8	83	83.1	82.3
714	89.3	90.4	90.9	91.3	29.2	74.2	83.7	83.1	82.3	82.1	83.4	83	83.1	83.1	82.4
715	89.2	90.3	90.9	91.4	27.9	74.2	83.6	83.1	82.3	82	83.5	83.1	83.2	83	82.5
716	89.1	90.3	90.9	91.4	26.5	74.3	83.6	83.1	82.3	82	83.4	83.2	83.4	83	82.6
717	89.1	90.4	90.9	91.3	24.9	74.3	83.5	83.1	82.3	82	83.4	83.2	83.4	83	82.7
718	89	90.3	90.9	91.2	23.2	74.3	83.6	83.1	82.3	82	83.4	83.2	83.4	83	82.8
719	89.1	90.2	90.9	91.2	21.3	74.3	83.6	83.1	82.3	82	83.4	83.2	83.5	83	82.8
720	89.1	90.3	91	91.2	19.3	74.2	83.7	83.2	82.3	82	83.4	83.4	83.6	83	82.9
721	89.1	90.3	91	91.2	17.4	74.3	83.8	83.1	82.2	82	83.4	83.5	83.6	83	82.9
722	89.2	90.3	90.9	91.2	15.5	74.3	83.8	83.1	82.2	82	83.4	83.4	83.7	83	82.9
723	89.2	90.2	90.8	91.3	13.6	74.3	83.7	83.1	82.2	82	83.4	83.4	83.7	83	82.9
724	89.4	90.2	90.9	91.2	11.8	74.4	83.6	83.1	82.3	82.1	83.5	83.3	83.7	83	82.9
725	89.6	90.3	91	91.2	10.3	74.4	83.6	83.1	82.3	82.2	83.4	83.4	83.7	83	82.9
726	89.7	90.3	91	91.3	9.1	74.5	83.5	83.1	82.3	82.1	83.3	83.4	83.7	83	82.9
727	89.8	90.4	90.9	91.3	8.2	74.5	83.3	83.2	82.3	82.2	83.3	83.3	83.6	83	82.9
728	89.9	90.4	90.9	91.2	7.6	74.5	83.3	83.2	82.3	82.2	83.4	83.3	83.6	83	82.7
729	90.1	90.4	90.9	91.2	7.2	74.5	83.4	83.2	82.3	82.2	83.4	83.2	83.6	83	82.7
730	90.2	90.3	90.9	91.3	7	74.5	83.4	83.2	82.3	82.3	83.3	83	83.5	83.1	82.6
731	90.3	90.3	90.9	91.3	7	74.4	83.5	83.2	82.2	82.2	83.4	83	83.4	83	82.5
732	90.6	90.4	90.8	91.1	7.2	74.5	83.6	83.2	82.3	82.2	83.4	82.9	83.3	83	82.4
733	90.8	90.4	90.9	91.2	7.6	74.6	83.6	83.2	82.4	82.3	83.3	82.8	83.2	83	82.4
734	91	90.4	91	91.2	8.1	74.7	83.7	83.2	82.4	82.4	83.4	82.8	83.1	83	82.4
735	91.1	90.4	91	91.1	8.8	74.6	83.7	83.1	82.5	82.5	83.5	82.7	83	83.1	82.2
736	91.2	90.4	90.9	91.2	9.6	74.6	83.6	83.2	82.3	82.5	83.4	82.6	82.8	83	82.1
737	91.2	90.4	90.9	91.2	10.5	74.6	83.5	83.2	82.2	82.4	83.4	82.4	82.7	82.9	82
738	91.3	90.3	90.9	91.2	11.5	74.6	83.4	83.1	82.3	82.4	83.4	82.3	82.6	83	81.9
739	91.3	90.3	90.8	91.2	12.7	74.7	83.3	83.2	82.4	82.4	83.3	82.1	82.6	83	81.7
740	91.3	90.2	90.9	91.2	14	74.7	83.3	83.2	82.4	82.4	83.3	82.1	82.4	83	81.7
741	91.5	90.3	91	91.3	15.4	74.8	83.3	83.1	82.4	82.4	83.3	82.1	82.5	82.9	81.7
742	91.5	90.2	91.1	91.3	16.9	74.9	83.4	83.2	82.4	82.3	83.4	82.1	82.5	82.8	81.7
743	91.4	90.3	91.1	91.2	18.6	74.8	83.4	83.4	82.4	82.4	83.4	82.2	82.3	83	81.7
744	91.4	90.5	91	91.1	20.3	74.8	83.3	83.3	82.4	82.3	83.4	82.1	82.3	83	81.6
745	91.3	90.4	90.9	91.2	22.2	74.8	83.4	83.2	82.4	82.3	83.5	82	82.2	82.9	81.6
746	91	90.4	90.9	91.2	24.3	74.8	83.3	83.2	82.4	82.2	83.5	81.9	82.1	82.9	81.5
747	91.1	90.6	91	91.2	26.3	74.9	83.3	83.2	82.4	82.2	83.4	81.9	82.1	83	81.6
748	91.1	90.6	90.9	91.2	28.4	74.9	83.4	83.2	82.4	82.2	83.4	82	82.1	82.9	81.6
749	90.9	90.4	90.9	91.2	30.7	75	83.4	83.3	82.4	82.2	83.4	82.1	82	82.8	81.6
750	90.8	90.5	91	91.1	33	74.9	83.4	83.3	82.4	82.3	83.4	82.1	82	82.9	81.7
751	90.8	90.4	91.1	91.1	35.2	74.9	83.4	83.2	82.5	82.3	83.4	82.2	81.9	82.9	81.7
752	90.4	90.4	91.1	91.2	37.5	75	83.3	83.3	82.3	82.2	83.4	82.2	81.9	82.9	81.7
753	90.2	90.4	91	91	39.8	75	83.2	83.3	82.3	82.1	83.4	82.3	82.1	82.9	81.6
754	90.1	90.3	91	91	42.1	75	83.2	83.3	82.3	82.1	83.4	82.3	82.2	82.9	81.7
755	89.9	90.5	91	91	44.7	75.1	83.2	83.4	82.4	82.1	83.4	82.4	82.2	83	81.9
756	89.7	90.5	91	91	47.3	75.1	83.2	83.4	82.5	82.1	83.5	82.4	82.3	83.1	82
757	89.6	90.4	90.9	90.9	49.7	75	83.2	83.2	82.6	82.1	83.5	82.5	82.3	82.9	82.2
758	89.4	90.3	90.9	90.9	52	75	83.2	83.1	82.4	81.9	83.4	82.7	82.3	82.7	82.2
759	89.4	90.3	90.9	91	54.3	75	83.2	83.3	82.2	82	83.4	82.8	82.3	82.7	82.4
760	89.4	90.3	90.9	91	56.7	74.9	83.2	83.3	82.2	82.1	83.5	82.9	82.4	82.8	82.3
761	89.4	90.4	91.1	91.1	59	75	83.4	83.3	82.4	82.1	83.5	83	82.7	83	82.3
762	89.3	90.5	91.2	91.1	61.4	75.1	83.4	83.4	82.5	82.1	83.4	83.1	82.8	83	82.6
763	88.9	90.5	90.9	91	63.4	75.1	83.4	83.3	82.4	82.1	83.3	83.2	82.9	82.9	82.6
764	88.9	90.4	90.8	90.8	65.2	75.1	83.3	83.3	82.4	82.1	83.4	83.3	82.9	82.8	82.6
765	89	90.4	90.8	90.8	67.2	75	83.1	83.4	82.3	82.1	83.4	83.4	82.9	82.8	82.9
766	89.1	90.3	90.9	90.8	69.1	75	83	83.4	82.3	82.1	83.4	83.4	83.1	82.8	82.9
767	89.3	90.3	91	91	70.7	75.1	83	83.4	82.3	82.2	83.2	83.4	83.2	82.8	82.9
768	89.3	90.3	91	91	72.2	75.1	83	83.3	82.4	82.2	83.3	83.4	83.2	82.9	83
769	89.2	90.3	91	91	73.8	75.1	83	83.2	82.4	82.1	83.4	83.4	83.3	82.8	83
770	89.1	90.2	91.1	90.9	75.1	75.3	83	83.2	82.3	82.1	83.4	83.4	83.4	83	83
771	89.3	90.2	91.1	90.8	76.2	75.2	83	83.2	82.4	82.2	83.3	83.5	83.5	83	83
772	89.5	90.4	90.9	90.8	77.4	75.2	83	83.4	82.5	82.3	83.3	83.5	83.4	82.8	83
773	89.5	90.4	90.9	90.9	78.5	75.2	83.2	83.4	82.4	82.3	83.4	83.5	83.4	82.8	82.9
774	89.8	90.4	91	91	79.4	75.4	83.3	83.3	82.3	82.4	83.3	83.6	83.5	82.8	82.9
775	89.9	90.3	91.1	91	80.4	75.5	83.3	83.2	82.4	82.5	83.3	83.4	83.3	82.8	82.9
776	90	90.2	91	90.9	81.2	75.4	83.1	83.1	82.4	82.3	83.3	83.1	83	82.8	82.7
777	90.1	90.2	91.1	90.9	81.8	75.4	83	83.3	82.2	82.4	83.3	83	83.1	82.8	82.7
778	90.2	90.4	91.1	91	82.5	75.5	83.1	83.6	82.4	82.5	83.3	83.2	83.2	82.7	82.9
779	90.5	90.5	91	90.9	83.3	75.5	83	83.6	82.6	82.5	83.4	83.4	83	82.7	82.9
780	90.6	90.5	90.9	90.9	83.9	75.5	82.9	83.4	82.6	82.4	83.3	83.4	83	82.7	82.6
781	90.7	90.3	90.9	90.9	84.2	75.5	82.9	83.3	82.4	82.7	83.1	83.3	83.1	82.7	82.4
782	90.9	90.3	90.9	91	84.7	75.5	82.8	83.4	82.4	82.9	83.3	83.1	83	82.7	82.5
783	91.1	90.6	91	91	85.2	75.5	82.8	83.4	82.4	82.9	83.3	82.9	83.1	82.8	82.6
784	91.2	90.6	91.1	91	85.5	75.6	82.9	83.4	82.5	82.8	83.3	83	83.1	82.9	82.4
785	91.3	90.5	91	91	85.9	75.7	83	83.5	82.5	82.8	83.4	83	83	83	82.4
786	91.4	90.4	91	91	86.1	75.6	83	83.5	82.4	82.7	83.4	82.9	82.9	82.9	82.4
787	91.5	90.4	91	90.9	86.3	75.5	83	83.3	82.4	82.5	83.3	82.5	82.6	82.7	82.1
788	91.4	90.5	91	90.8	86.6	75.6	83.1	83.4	82.4	82.4	83.3	82.5	82.4	82.8	82.1
789	91.4	90.5	91.1	91	86.7	75.8	83.4	83.5	82.4	82.6	83.2	82.5	82.4	82.7	82.1
790	91.5	90.5	91.1	91.1	87.1	75.8	83.4	83.5	82.4	82.7	83.3	82.4	82.5	82.8	81.9
791	91.5	90.5	91	91	87.4	75.8	83.3	83.5	82.4	82.8	83.3	82.3	82.3	82.9	81.9
792	91.4	90.4	90.9	91.1	87.4	75.7	83.1	83.3	82.4	82.6	83.2	82.1	82	82.9	81.8
793	91.5	90.3	90.9	90.9	87.4	75.5	83	83.3	82.4	82.6	83.2	82.1	82	83	81.8
794	91.4	90.3	91	90.8	87.7	75.5	82.9	83.4	82.5	82.6	83.2	82.3	82	83	81.7
795	91.4	90.3	91	90.9	87.8	75.6	82.8	83.5	82.5	82.6	83.1	82.3	82	82.9	81.6
796	91.4	90.4	91	90.8	87.8	75.6	82.7	83.6	82.5	82.4	83.2	82.3	81.9	82.7	81.5
797	91.1	90	90.9	90.9	88	75.8	82.7	83.5	82.2	82.3	83	82.1	82	82.7	81.6
798	90.8	90	90.8	91	88.1	76	82.8	83.5	82	82.3	82.8	82	82.1	82.8	81.6
799	90.7	90.2	90.8	91	88.1	75.9	82.8	83.5	82.1	82.2	83	82	81.9	82.8	81.6
800	90.9	90.3	91.2	91.1	88	75.8	82.7	83.3	82.2	82	83	82	81.9	82.9	81.5
